2.000000000000000000e+01 3.800000000000000000e+02
2.200000000000000000e+02 3.000000000000000000e+02
1.000000000000000000e+02 3.000000000000000000e+02
3.400000000000000000e+02 3.400000000000000000e+02
3.400000000000000000e+02 2.200000000000000000e+02
6.000000000000000000e+01 1.800000000000000000e+02
6.000000000000000000e+01 6.000000000000000000e+01
3.000000000000000000e+02 1.000000000000000000e+02
1.800000000000000000e+02 1.000000000000000000e+02
3.800000000000000000e+02 2.000000000000000000e+01
